-1.47385 -0.165399 0.0109386
-1.47413 -0.166064 0.0190371
-1.47421 -0.164597 0.0159708
-1.47752 -0.162688 0.0142512
-1.47924 -0.161769 0.0192284
-1.47462 -0.159674 0.0144881
-1.48144 -0.16369 0.0126546
-1.4874 -0.16205 0.0158642
-1.49208 -0.15991 0.0166364
-1.49292 -0.162081 0.0185743
-1.49636 -0.158279 0.0190937
-1.49322 -0.158313 0.0156929
-1.49363 -0.152631 0.0107332
-1.4941 -0.149583 0.0157788
-1.49314 -0.154187 0.0140529
-1.4917 -0.151385 0.015557
-1.48855 -0.158488 0.0138109
-1.48598 -0.158959 0.0173911
-1.48781 -0.161164 0.017921
-1.48501 -0.162042 0.0146843
-1.48684 -0.167003 0.018771
-1.48398 -0.170806 0.0160276
-1.48479 -0.170518 0.015329
-1.48074 -0.166833 0.0145139
-1.47912 -0.166131 0.01706
-1.48312 -0.167995 0.0191811
-1.47887 -0.166702 0.0192469
-1.47792 -0.169784 0.0186751
-1.48009 -0.167755 0.0174055
-1.47258 -0.167683 0.0180675
-1.47475 -0.172685 0.0193859
-1.47867 -0.176418 0.0194007
-1.475 -0.174583 0.0209781
-1.46769 -0.169711 0.019596
-1.46561 -0.17087 0.017307
-1.46392 -0.172026 0.019081
-1.46489 -0.171638 0.0160059
-1.46492 -0.170073 0.0158609
-1.46698 -0.171052 0.0183575
-1.46723 -0.16902 0.0191356
-1.46477 -0.172887 0.0162869
-1.46649 -0.16996 0.0177383
-1.47334 -0.168365 0.016182
-1.47364 -0.167214 0.0153983
-1.46535 -0.168923 0.0144121
-1.46695 -0.16829 0.0154456
-1.47203 -0.170561 0.0178999
-1.47483 -0.174959 0.0205025
-1.47526 -0.18378 0.0154429
-1.46785 -0.199274 0.0190039
-1.47785 -0.21573 0.0206924
-1.48384 -0.23746 0.01785
-1.48844 -0.261174 0.0180382
-1.49632 -0.290284 0.018261
-1.49681 -0.316812 0.0201164
-1.51357 -0.348434 0.0187258
-1.52218 -0.388687 0.0171701
-1.52711 -0.409551 0.0175722
-1.53012 -0.432392 0.0182177
-1.54335 -0.459836 0.0165567
-1.54895 -0.483622 0.0152979
-1.55287 -0.50989 0.0165997
-1.5539 -0.537292 0.0145869
-1.55885 -0.564598 0.015947
-1.56181 -0.593502 0.0166884
-1.56452 -0.618624 0.0166895
-1.56971 -0.643959 0.016868
-1.57514 -0.682331 0.0192596
-1.58293 -0.704714 0.0168799
-1.59214 -0.744205 0.0195578
-1.60168 -0.775167 0.0190865
-1.61147 -0.798496 0.0207177
-1.61905 -0.829269 0.0216108
-1.6208 -0.853844 0.0160561
-1.63271 -0.886442 0.017987
-1.64594 -0.914366 0.0174726
-1.64766 -0.942208 0.0185647
